# transform file /home/student/Practicas/Practicas_SantPau/primeras_pruebas_freesurfer/data/sub-027S6002/mri/transforms/cc_up.lta
# created by student on Tue Oct 19 14:16:27 2021

type      = 0 # LINEAR_VOX_TO_VOX
nxforms   = 1
mean      = 129.0000 116.0000 116.0000
sigma     = 10000.0000
1 4 4
9.995507001876831e-01 -2.944058924913406e-02 5.628583487123251e-03 2.209846258163452e+00 
2.944012358784676e-02 9.995665550231934e-01 1.657806715229526e-04 2.022050666809082e+01 
-5.631024483591318e-03 1.455191522836685e-11 9.999841451644897e-01 2.172983932495117e+01 
0.000000000000000e+00 0.000000000000000e+00 0.000000000000000e+00 1.000000000000000e+00 
src volume info
valid = 1  # volume info valid
filename = /home/student/Practicas/Practicas_SantPau/primeras_pruebas_freesurfer/data/sub-027S6002/mri/norm.mgz
volume = 256 256 256
voxelsize = 1.000000000000000e+00 1.000000000000000e+00 1.000000000000000e+00
xras   = -9.999999403953552e-01 0.000000000000000e+00 0.000000000000000e+00
yras   = 0.000000000000000e+00 0.000000000000000e+00 -9.999999403953552e-01
zras   = 0.000000000000000e+00 9.999999403953552e-01 0.000000000000000e+00
cras   = 1.949012756347656e+00 3.118909454345703e+01 4.430084228515625e+00
dst volume info
valid = 1  # volume info valid
filename = /home/student/Practicas/Practicas_SantPau/primeras_pruebas_freesurfer/data/sub-027S6002/mri/norm.mgz
volume = 256 256 256
voxelsize = 1.000000000000000e+00 1.000000000000000e+00 1.000000000000000e+00
xras   = -9.999999403953552e-01 0.000000000000000e+00 0.000000000000000e+00
yras   = 0.000000000000000e+00 0.000000000000000e+00 -9.999999403953552e-01
zras   = 0.000000000000000e+00 9.999999403953552e-01 0.000000000000000e+00
cras   = 1.949012756347656e+00 3.118909454345703e+01 4.430084228515625e+00
