type      = 1 # LINEAR_RAS_TO_RAS
nxforms   = 1
mean      = 0.0000 0.0000 0.0000
sigma     = 1.0000
1 4 4
1.027289032936096e+00 3.926999866962433e-03 -1.897899992763996e-02 -1.543429940938950e-01 
-1.154199987649918e-02 1.092700004577637e+00 1.676400005817413e-01 -4.265092468261719e+01 
1.331000006757677e-03 -1.725549995899200e-01 1.213999986648560e+00 -1.776173400878906e+01 
0.000000000000000e+00 0.000000000000000e+00 0.000000000000000e+00 1.000000000000000e+00 
src volume info
valid = 1  # volume info valid
filename = /home/student/Practicas/Practicas_SantPau/primeras_pruebas_freesurfer/data/sub-027S6002/mri/orig_nu.mgz
volume = 256 256 256
voxelsize = 1.000000000000000e+00 1.000000000000000e+00 1.000000000000000e+00
xras   = -9.999999403953552e-01 0.000000000000000e+00 0.000000000000000e+00
yras   = 0.000000000000000e+00 0.000000000000000e+00 -9.999999403953552e-01
zras   = 0.000000000000000e+00 9.999999403953552e-01 0.000000000000000e+00
cras   = 1.949012756347656e+00 3.118909454345703e+01 4.430084228515625e+00
dst volume info
valid = 1  # volume info valid
filename = /usr/pubsw/packages/freesurfer/freesurfer-7.1/average/mni305.cor.mgz
volume = 256 256 256
voxelsize = 1.000000000000000e+00 1.000000000000000e+00 1.000000000000000e+00
xras   = -1.000000000000000e+00 0.000000000000000e+00 0.000000000000000e+00
yras   = 0.000000000000000e+00 0.000000000000000e+00 -1.000000000000000e+00
zras   = 0.000000000000000e+00 1.000000000000000e+00 0.000000000000000e+00
cras   = 0.000000000000000e+00 0.000000000000000e+00 0.000000000000000e+00
subject fsaverage
fscale 0.100000
