# transform file transforms/talairach.lta
# created by student on Tue Oct 19 11:58:16 2021

type      = 0 # LINEAR_VOX_TO_VOX
nxforms   = 1
mean      = 129.0000 116.0000 116.0000
sigma     = 10000.0000
1 4 4
1.016516804695129e+00 -9.548554953653365e-05 6.116706645116210e-04 -4.841226577758789e+00 
-1.782931212801486e-05 1.179808259010315e+00 1.677410155534744e-01 -2.928319740295410e+01 
6.662076921202242e-04 -1.973899751901627e-01 1.042918086051941e+00 1.143614673614502e+01 
0.000000000000000e+00 0.000000000000000e+00 0.000000000000000e+00 1.000000000000000e+00 
src volume info
valid = 1  # volume info valid
filename = nu.mgz
volume = 256 256 256
voxelsize = 1.000000000000000e+00 1.000000000000000e+00 1.000000000000000e+00
xras   = -9.999999403953552e-01 0.000000000000000e+00 0.000000000000000e+00
yras   = 0.000000000000000e+00 0.000000000000000e+00 -9.999999403953552e-01
zras   = 0.000000000000000e+00 9.999999403953552e-01 0.000000000000000e+00
cras   = 1.949012756347656e+00 3.118909454345703e+01 4.430084228515625e+00
dst volume info
valid = 1  # volume info valid
filename = /usr/pubsw/packages/freesurfer/freesurfer-7.1/average/RB_all_2020-01-02.gca
volume = 256 256 256
voxelsize = 1.000000000000000e+00 1.000000000000000e+00 1.000000000000000e+00
xras   = -1.000000000000000e+00 0.000000000000000e+00 0.000000000000000e+00
yras   = 0.000000000000000e+00 0.000000000000000e+00 -1.000000000000000e+00
zras   = 0.000000000000000e+00 1.000000000000000e+00 0.000000000000000e+00
cras   = 0.000000000000000e+00 0.000000000000000e+00 0.000000000000000e+00
