# transform file transforms/talairach_with_skull.lta
# created by student on Tue Oct 19 11:50:08 2021

type      = 0 # LINEAR_VOX_TO_VOX
nxforms   = 1
mean      = 128.0000 143.0000 134.0000
sigma     = 10000.0000
1 4 4
1.015165686607361e+00 -3.541908040642738e-02 5.546989850699902e-03 -2.032089233398438e+00 
2.472540736198425e-02 1.417039990425110e+00 1.167182922363281e-01 -4.806672286987305e+01 
-8.026863448321819e-03 -4.572178423404694e-02 1.064562439918518e+00 -7.318981647491455e+00 
0.000000000000000e+00 0.000000000000000e+00 0.000000000000000e+00 1.000000000000000e+00 
src volume info
valid = 1  # volume info valid
filename = nu.mgz
volume = 256 256 256
voxelsize = 1.000000000000000e+00 1.000000000000000e+00 1.000000000000000e+00
xras   = -9.999999403953552e-01 0.000000000000000e+00 0.000000000000000e+00
yras   = 0.000000000000000e+00 0.000000000000000e+00 -9.999999403953552e-01
zras   = 0.000000000000000e+00 9.999999403953552e-01 0.000000000000000e+00
cras   = 1.949012756347656e+00 3.118909454345703e+01 4.430084228515625e+00
dst volume info
valid = 1  # volume info valid
filename = /usr/pubsw/packages/freesurfer/freesurfer-7.1/average/RB_all_withskull_2020_01_02.gca
volume = 256 256 256
voxelsize = 1.000000000000000e+00 1.000000000000000e+00 1.000000000000000e+00
xras   = -1.000000000000000e+00 0.000000000000000e+00 0.000000000000000e+00
yras   = 0.000000000000000e+00 0.000000000000000e+00 -1.000000000000000e+00
zras   = 0.000000000000000e+00 1.000000000000000e+00 0.000000000000000e+00
cras   = 0.000000000000000e+00 0.000000000000000e+00 0.000000000000000e+00
