# transform file /home/neuroimagen0/Documents/FREESURFER/Freesurfer_prediction/Freesurfer/FTD-FPD109/mri/transforms/cc_up.lta
# created by neuroimagen0 on Fri Mar 23 00:05:44 2018

type      = 0 # LINEAR_VOX_TO_VOX
nxforms   = 1
mean      = 124.0000 113.0000 107.0000
sigma     = 10000.0000
1 4 4
9.962757229804993e-01 -4.077217075973749e-03 -8.612764626741409e-02 1.398017024993896e+01 
4.062066320329905e-03 9.999916553497314e-01 -3.511640534270555e-04 3.253025436401367e+01 
8.612836152315140e-02 2.910382698728675e-11 9.962840676307678e-01 2.367241096496582e+01 
0.000000000000000e+00 0.000000000000000e+00 0.000000000000000e+00 1.000000000000000e+00 
src volume info
valid = 1  # volume info valid
filename = /home/neuroimagen0/Documents/FREESURFER/Freesurfer_prediction/Freesurfer/FTD-FPD109/mri/norm.mgz
volume = 256 256 256
voxelsize = 1.000000000000000e+00 1.000000000000000e+00 1.000000000000000e+00
xras   = -1.000000000000000e+00 -7.450580596923828e-09 1.862645149230957e-09
yras   = -1.862645149230957e-09 9.313225746154785e-10 -9.999999403953552e-01
zras   = 0.000000000000000e+00 1.000000000000000e+00 9.313225746154785e-10
cras   = -1.012741088867188e+00 2.444239044189453e+01 -1.426678466796875e+01
dst volume info
valid = 1  # volume info valid
filename = /home/neuroimagen0/Documents/FREESURFER/Freesurfer_prediction/Freesurfer/FTD-FPD109/mri/norm.mgz
volume = 256 256 256
voxelsize = 1.000000000000000e+00 1.000000000000000e+00 1.000000000000000e+00
xras   = -1.000000000000000e+00 -7.450580596923828e-09 1.862645149230957e-09
yras   = -1.862645149230957e-09 9.313225746154785e-10 -9.999999403953552e-01
zras   = 0.000000000000000e+00 1.000000000000000e+00 9.313225746154785e-10
cras   = -1.012741088867188e+00 2.444239044189453e+01 -1.426678466796875e+01
