type      = 1 # LINEAR_RAS_TO_RAS
nxforms   = 1
mean      = 0.0000 0.0000 0.0000
sigma     = 1.0000
1 4 4
1.014302015304565e+00 6.749899685382843e-02 -3.131499886512756e-02 -1.532271981239319e+00 
-5.723899975419044e-02 8.922320008277893e-01 4.906229972839355e-01 -2.495872879028320e+01 
4.530100151896477e-02 -4.409869909286499e-01 1.041939020156860e+00 -4.947144031524658e+00 
0.000000000000000e+00 0.000000000000000e+00 0.000000000000000e+00 1.000000000000000e+00 
src volume info
valid = 1  # volume info valid
filename = /home/neuroimagen0/Documents/FREESURFER/Freesurfer_prediction/Freesurfer/FTD-FPD109/mri/orig_nu.mgz
volume = 256 256 256
voxelsize = 1.000000000000000e+00 1.000000000000000e+00 1.000000000000000e+00
xras   = -1.000000000000000e+00 -7.450580596923828e-09 1.862645149230957e-09
yras   = -1.862645149230957e-09 9.313225746154785e-10 -9.999999403953552e-01
zras   = 0.000000000000000e+00 1.000000000000000e+00 9.313225746154785e-10
cras   = -1.012741088867188e+00 2.444239044189453e+01 -1.426678466796875e+01
dst volume info
valid = 1  # volume info valid
filename = /usr/local/freesurfer6/average/mni305.cor.mgz
volume = 256 256 256
voxelsize = 1.000000000000000e+00 1.000000000000000e+00 1.000000000000000e+00
xras   = -1.000000000000000e+00 0.000000000000000e+00 0.000000000000000e+00
yras   = 0.000000000000000e+00 0.000000000000000e+00 -1.000000000000000e+00
zras   = 0.000000000000000e+00 1.000000000000000e+00 0.000000000000000e+00
cras   = 0.000000000000000e+00 0.000000000000000e+00 0.000000000000000e+00
subject fsaverage
fscale 0.100000
