# transform file /home/student/Practicas/Practicas_SantPau/primeras_pruebas_freesurfer/data/output_mri_coreg/sub-003S6257_ses-m00_AV1451_to_T1.lta
# created by student on Tue Oct 19 14:26:30 2021

type      = 0 # LINEAR_VOX_TO_VOX
nxforms   = 1
mean      = 0.0000 0.0000 0.0000
sigma     = 10000.0000
1 4 4
-1.016669154167175e+00 3.630029037594795e-02 8.488596975803375e-02 2.124121856689453e+02 
2.793783880770206e-02 1.000722646713257e+00 -3.699013292789459e-01 1.353860187530518e+01 
4.853223636746407e-02 1.843590289354324e-01 1.991154551506042e+00 2.569486618041992e+01 
-0.000000000000000e+00 -0.000000000000000e+00 -0.000000000000000e+00 1.000000000000000e+00 
src volume info
valid = 1  # volume info valid
filename = /home/student/Practicas/Practicas_SantPau/primeras_pruebas_freesurfer/data/co-registre_PET-TAU/sub-003S6257/sub-003S6257_ses-m00_AV1451.nii
volume = 224 224 81
voxelsize = 1.018210053443909e+00 1.018210053443909e+00 2.026999950408936e+00
xras   = -1.000000000000000e+00 -0.000000000000000e+00 0.000000000000000e+00
yras   = 0.000000000000000e+00 1.000000000000000e+00 0.000000000000000e+00
zras   = -0.000000000000000e+00 -0.000000000000000e+00 1.000000000000000e+00
cras   = -1.140395278930664e+02 -1.130213088989258e+02 8.412059020996094e+01
dst volume info
valid = 1  # volume info valid
filename = /home/student/Practicas/Practicas_SantPau/primeras_pruebas_freesurfer/data/co-registre_PET-TAU/sub-003S6257/sub-003S6257_ses-m00_T1.nii
volume = 208 240 256
voxelsize = 1.000000000000000e+00 1.000000000000000e+00 1.000000000000000e+00
xras   = 1.000000000000000e+00 0.000000000000000e+00 0.000000000000000e+00
yras   = 0.000000000000000e+00 1.000000000000000e+00 0.000000000000000e+00
zras   = 0.000000000000000e+00 0.000000000000000e+00 1.000000000000000e+00
cras   = 3.211868286132812e+00 1.049153137207031e+01 2.355926513671875e+00
subject unknown
