# transform file /home/student/Practicas/Practicas_SantPau/outs/sub-003S6257/PET-TAU/mri-coreg/transforms/sub-003S6257_mri-coreg_6dof.lta
# created by student on Tue Nov 16 12:57:39 2021

type      = 0 # LINEAR_VOX_TO_VOX
nxforms   = 1
mean      = 0.0000 0.0000 0.0000
sigma     = 10000.0000
1 4 4
1.016706466674805e+00 -3.601386770606041e-02 -8.357816189527512e-02 1.945497703552246e+01 
-4.784866049885750e-02 -1.849010586738586e-01 -1.991020798683167e+00 2.302172393798828e+02 
2.775070443749428e-02 1.000633001327515e+00 -3.709170222282410e-01 2.160860633850098e+01 
0.000000000000000e+00 0.000000000000000e+00 0.000000000000000e+00 1.000000000000000e+00 
src volume info
valid = 1  # volume info valid
filename = /home/student/Practicas/Practicas_SantPau/primeras_pruebas_freesurfer/data/co-registre_PET-TAU/sub-003S6257/sub-003S6257_ses-m00_AV1451.nii
volume = 224 224 81
voxelsize = 1.018210053443909e+00 1.018210053443909e+00 2.026999950408936e+00
xras   = -1.000000000000000e+00 -0.000000000000000e+00 0.000000000000000e+00
yras   = 0.000000000000000e+00 1.000000000000000e+00 0.000000000000000e+00
zras   = -0.000000000000000e+00 -0.000000000000000e+00 1.000000000000000e+00
cras   = -1.140395278930664e+02 -1.130213088989258e+02 8.412059020996094e+01
dst volume info
valid = 1  # volume info valid
filename = /home/student/Practicas/Practicas_SantPau/outs/sub-003S6257/PET-TAU/orig/sub-003S6257_T1.mgz
volume = 256 256 256
voxelsize = 1.000000000000000e+00 1.000000000000000e+00 1.000000000000000e+00
xras   = -1.000000000000000e+00 0.000000000000000e+00 0.000000000000000e+00
yras   = 0.000000000000000e+00 0.000000000000000e+00 -1.000000000000000e+00
zras   = 0.000000000000000e+00 1.000000000000000e+00 0.000000000000000e+00
cras   = 3.211868286132812e+00 1.049153137207031e+01 2.355926513671875e+00
subject unknown
