# transform file transforms/talairach.lta
# created by neuroimagen0 on Thu Mar 22 19:56:48 2018

type      = 0 # LINEAR_VOX_TO_VOX
nxforms   = 1
mean      = 124.0000 113.0000 107.0000
sigma     = 10000.0000
1 4 4
9.909927845001221e-01 -3.994175791740417e-02 -1.076080724596977e-01 1.697222328186035e+01 
6.430166214704514e-02 1.081673264503479e+00 4.460244774818420e-01 -4.614581298828125e+01 
8.525975793600082e-02 -3.564319014549255e-01 9.567787051200867e-01 3.541638565063477e+01 
0.000000000000000e+00 0.000000000000000e+00 0.000000000000000e+00 1.000000000000000e+00 
src volume info
valid = 1  # volume info valid
filename = nu.mgz
volume = 256 256 256
voxelsize = 1.000000000000000e+00 1.000000000000000e+00 1.000000000000000e+00
xras   = -1.000000000000000e+00 -7.450580596923828e-09 1.862645149230957e-09
yras   = -1.862645149230957e-09 9.313225746154785e-10 -9.999999403953552e-01
zras   = 0.000000000000000e+00 1.000000000000000e+00 9.313225746154785e-10
cras   = -1.012741088867188e+00 2.444239044189453e+01 -1.426678466796875e+01
dst volume info
valid = 1  # volume info valid
filename = /usr/local/freesurfer6/average/RB_all_2016-05-10.vc700.gca
volume = 256 256 256
voxelsize = 1.000000000000000e+00 1.000000000000000e+00 1.000000000000000e+00
xras   = -1.000000000000000e+00 0.000000000000000e+00 0.000000000000000e+00
yras   = 0.000000000000000e+00 0.000000000000000e+00 -1.000000000000000e+00
zras   = 0.000000000000000e+00 1.000000000000000e+00 0.000000000000000e+00
cras   = 0.000000000000000e+00 0.000000000000000e+00 0.000000000000000e+00
