# transform file transforms/talairach_with_skull.lta
# created by neuroimagen0 on Thu Mar 22 19:48:08 2018

type      = 0 # LINEAR_VOX_TO_VOX
nxforms   = 1
mean      = 126.0000 137.0000 130.0000
sigma     = 10000.0000
1 4 4
9.979935288429260e-01 -7.720653433352709e-03 -6.633457541465759e-02 8.240616798400879e+00 
2.239466458559036e-02 1.216600656509399e+00 4.764924049377441e-01 -5.372409439086914e+01 
6.022094935178757e-02 -3.568463325500488e-01 9.500090479850769e-01 3.858686447143555e+01 
0.000000000000000e+00 0.000000000000000e+00 0.000000000000000e+00 1.000000000000000e+00 
src volume info
valid = 1  # volume info valid
filename = nu.mgz
volume = 256 256 256
voxelsize = 1.000000000000000e+00 1.000000000000000e+00 1.000000000000000e+00
xras   = -1.000000000000000e+00 -7.450580596923828e-09 1.862645149230957e-09
yras   = -1.862645149230957e-09 9.313225746154785e-10 -9.999999403953552e-01
zras   = 0.000000000000000e+00 1.000000000000000e+00 9.313225746154785e-10
cras   = -1.012741088867188e+00 2.444239044189453e+01 -1.426678466796875e+01
dst volume info
valid = 1  # volume info valid
filename = /usr/local/freesurfer6/average/RB_all_withskull_2016-05-10.vc700.gca
volume = 256 256 256
voxelsize = 1.000000000000000e+00 1.000000000000000e+00 1.000000000000000e+00
xras   = -1.000000000000000e+00 0.000000000000000e+00 0.000000000000000e+00
yras   = 0.000000000000000e+00 0.000000000000000e+00 -1.000000000000000e+00
zras   = 0.000000000000000e+00 1.000000000000000e+00 0.000000000000000e+00
cras   = 0.000000000000000e+00 0.000000000000000e+00 0.000000000000000e+00
