# transform file /home/student/Practicas/Practicas_SantPau/primeras_pruebas_freesurfer/data/sub-003S6257/mri/transforms/cc_up.lta
# created by student on Tue Oct 19 14:15:05 2021

type      = 0 # LINEAR_VOX_TO_VOX
nxforms   = 1
mean      = 128.0000 130.0000 127.0000
sigma     = 10000.0000
1 4 4
9.980096817016602e-01 -4.161397367715836e-02 4.738103598356247e-02 4.510025978088379e-01 
4.156715422868729e-02 9.991338253021240e-01 1.973422477021813e-03 -4.190644919872284e-01 
-4.742211475968361e-02 2.328306436538696e-10 9.988749623298645e-01 2.117665481567383e+01 
0.000000000000000e+00 0.000000000000000e+00 0.000000000000000e+00 1.000000000000000e+00 
src volume info
valid = 1  # volume info valid
filename = /home/student/Practicas/Practicas_SantPau/primeras_pruebas_freesurfer/data/sub-003S6257/mri/norm.mgz
volume = 256 256 256
voxelsize = 1.000000000000000e+00 1.000000000000000e+00 1.000000000000000e+00
xras   = -1.000000000000000e+00 0.000000000000000e+00 0.000000000000000e+00
yras   = 0.000000000000000e+00 0.000000000000000e+00 -1.000000000000000e+00
zras   = 0.000000000000000e+00 1.000000000000000e+00 0.000000000000000e+00
cras   = 3.211868286132812e+00 1.049153137207031e+01 2.355926513671875e+00
dst volume info
valid = 1  # volume info valid
filename = /home/student/Practicas/Practicas_SantPau/primeras_pruebas_freesurfer/data/sub-003S6257/mri/norm.mgz
volume = 256 256 256
voxelsize = 1.000000000000000e+00 1.000000000000000e+00 1.000000000000000e+00
xras   = -1.000000000000000e+00 0.000000000000000e+00 0.000000000000000e+00
yras   = 0.000000000000000e+00 0.000000000000000e+00 -1.000000000000000e+00
zras   = 0.000000000000000e+00 1.000000000000000e+00 0.000000000000000e+00
cras   = 3.211868286132812e+00 1.049153137207031e+01 2.355926513671875e+00
