type      = 1 # LINEAR_RAS_TO_RAS
nxforms   = 1
mean      = 0.0000 0.0000 0.0000
sigma     = 1.0000
1 4 4
9.668939709663391e-01 -5.151600018143654e-02 -2.735500037670135e-02 -3.360336065292358e+00 
1.399299968034029e-02 1.084022998809814e+00 1.213250011205673e-01 -2.386882019042969e+01 
1.387399993836880e-02 -1.734330058097839e-01 1.181427955627441e+00 1.691681027412415e+00 
0.000000000000000e+00 0.000000000000000e+00 0.000000000000000e+00 1.000000000000000e+00 
src volume info
valid = 1  # volume info valid
filename = /home/student/Practicas/Practicas_SantPau/primeras_pruebas_freesurfer/data/sub-003S6257/mri/orig_nu.mgz
volume = 256 256 256
voxelsize = 1.000000000000000e+00 1.000000000000000e+00 1.000000000000000e+00
xras   = -1.000000000000000e+00 0.000000000000000e+00 0.000000000000000e+00
yras   = 0.000000000000000e+00 0.000000000000000e+00 -1.000000000000000e+00
zras   = 0.000000000000000e+00 1.000000000000000e+00 0.000000000000000e+00
cras   = 3.211868286132812e+00 1.049153137207031e+01 2.355926513671875e+00
dst volume info
valid = 1  # volume info valid
filename = /usr/pubsw/packages/freesurfer/freesurfer-7.1/average/mni305.cor.mgz
volume = 256 256 256
voxelsize = 1.000000000000000e+00 1.000000000000000e+00 1.000000000000000e+00
xras   = -1.000000000000000e+00 0.000000000000000e+00 0.000000000000000e+00
yras   = 0.000000000000000e+00 0.000000000000000e+00 -1.000000000000000e+00
zras   = 0.000000000000000e+00 1.000000000000000e+00 0.000000000000000e+00
cras   = 0.000000000000000e+00 0.000000000000000e+00 0.000000000000000e+00
subject fsaverage
fscale 0.100000
