# transform file transforms/talairach.lta
# created by student on Tue Oct 19 11:53:20 2021

type      = 0 # LINEAR_VOX_TO_VOX
nxforms   = 1
mean      = 128.0000 130.0000 126.0000
sigma     = 10000.0000
1 4 4
9.398939013481140e-01 1.479731313884258e-02 6.582716852426529e-02 -2.300775051116943e+00 
-2.074274793267250e-02 1.114686846733093e+00 1.661899238824844e-01 -3.821401214599609e+01 
-6.797290593385696e-02 -2.021426856517792e-01 1.006852746009827e+00 2.174606513977051e+01 
0.000000000000000e+00 0.000000000000000e+00 0.000000000000000e+00 1.000000000000000e+00 
src volume info
valid = 1  # volume info valid
filename = nu.mgz
volume = 256 256 256
voxelsize = 1.000000000000000e+00 1.000000000000000e+00 1.000000000000000e+00
xras   = -1.000000000000000e+00 0.000000000000000e+00 0.000000000000000e+00
yras   = 0.000000000000000e+00 0.000000000000000e+00 -1.000000000000000e+00
zras   = 0.000000000000000e+00 1.000000000000000e+00 0.000000000000000e+00
cras   = 3.211868286132812e+00 1.049153137207031e+01 2.355926513671875e+00
dst volume info
valid = 1  # volume info valid
filename = /usr/pubsw/packages/freesurfer/freesurfer-7.1/average/RB_all_2020-01-02.gca
volume = 256 256 256
voxelsize = 1.000000000000000e+00 1.000000000000000e+00 1.000000000000000e+00
xras   = -1.000000000000000e+00 0.000000000000000e+00 0.000000000000000e+00
yras   = 0.000000000000000e+00 0.000000000000000e+00 -1.000000000000000e+00
zras   = 0.000000000000000e+00 1.000000000000000e+00 0.000000000000000e+00
cras   = 0.000000000000000e+00 0.000000000000000e+00 0.000000000000000e+00
